1 2 6 7
1 4 5 7
1 8 4 7
1 16 3 7
1 32 2 7
2 4 5 6
2 8 4 6
2 16 3 6
2 32 2 6
3 5 5 6
3 6 5 7
3 9 4 6
3 10 4 7
3 17 3 6
3 18 3 7
3 33 2 6
3 34 2 7
4 8 4 5
4 16 3 5
4 32 2 5
5 6 6 7
5 9 4 5
5 12 4 7
5 17 3 5
5 20 3 7
5 33 2 5
5 36 2 7
6 10 4 5
6 12 4 6
6 18 3 5
6 20 3 6
6 34 2 5
6 36 2 6
7 11 4 5
7 13 4 6
7 14 4 7
7 19 3 5
7 21 3 6
7 22 3 7
7 35 2 5
7 37 2 6
7 38 2 7
8 16 3 4
8 32 2 4
9 10 6 7
9 12 5 7
9 17 3 4
9 24 3 7
9 33 2 4
9 40 2 7
10 12 5 6
10 18 3 4
10 24 3 6
10 34 2 4
10 40 2 6
11 13 5 6
11 14 5 7
11 19 3 4
11 25 3 6
11 26 3 7
11 35 2 4
11 41 2 6
11 42 2 7
12 20 3 4
12 24 3 5
12 36 2 4
12 40 2 5
13 14 6 7
13 21 3 4
13 25 3 5
13 28 3 7
13 37 2 4
13 41 2 5
13 44 2 7
14 22 3 4
14 26 3 5
14 28 3 6
14 38 2 4
14 42 2 5
14 44 2 6
15 23 3 4
15 27 3 5
15 29 3 6
15 30 3 7
15 39 2 4
15 43 2 5
15 45 2 6
15 46 2 7
16 32 2 3
17 18 6 7
17 20 5 7
17 24 4 7
17 33 2 3
17 48 2 7
18 20 5 6
18 24 4 6
18 34 2 3
18 48 2 6
19 21 5 6
19 22 5 7
19 25 4 6
19 26 4 7
19 35 2 3
19 49 2 6
20 24 4 5
20 36 2 3
20 48 2 5
21 22 6 7
21 25 4 5
21 28 4 7
21 37 2 3
21 49 2 5
22 26 4 5
22 28 4 6
22 38 2 3
23 27 4 5
23 29 4 6
23 30 4 7
23 39 2 3
24 40 2 3
24 48 2 4
25 26 6 7
25 28 5 7
25 41 2 3
25 49 2 4
26 28 5 6
26 42 2 3
27 29 5 6
27 30 5 7
27 43 2 3
28 44 2 3
29 30 6 7
29 45 2 3
30 46 2 3
31 47 2 3
33 34 6 7
33 36 5 7
33 40 4 7
33 48 3 7
34 36 5 6
34 40 4 6
34 48 3 6
35 37 5 6
35 38 5 7
35 41 4 6
35 42 4 7
35 49 3 6
36 40 4 5
36 48 3 5
37 38 6 7
37 41 4 5
37 44 4 7
37 49 3 5
38 42 4 5
38 44 4 6
39 43 4 5
39 45 4 6
39 46 4 7
40 48 3 4
41 42 6 7
41 44 5 7
41 49 3 4
42 44 5 6
43 45 5 6
43 46 5 7
45 46 6 7
